1500 1.997674818457010 0
1501 1.997647486970288 0
1502 1.997620191503819 0
1503 1.997592931986438 0
1504 1.997565708347162 0
1505 1.997538520515200 0
1506 1.997509616886470 0
1507 1.997480751199497 0
1508 1.997451923379613 0
1509 1.997423133352344 0
1510 1.997394381043412 0
1511 1.997365666378734 0
1512 1.997336989284419 0
1513 1.997308349686772 0
1514 1.997279747512288 0
1515 1.997251182687656 0
1516 1.997222655139755 0
1517 1.997194164795657 0
1518 1.997165711582620 0
1519 1.997137295428096 0
1520 1.997108916259723 0
1521 1.997080574005328 0
1522 1.997052268592927 0
1523 1.997023999950722 0
1524 1.996995768007100 0
1525 1.996967572690636 0
1526 1.996939413930091 0
1527 1.996911291654407 0
1528 1.996883205792713 0
1529 1.996855156274322 0
1530 1.996827143028726 0
1531 1.996799165985605 0
1532 1.996771225074815 0
1533 1.996743320226396 0
1534 1.996715451370570 0
1535 1.996687618437736 0
1536 1.996659821358473 0
1537 1.996632060063539 0
1538 1.996604334483872 0
1539 1.996576644550584 0
1540 1.996548990194968 0
1541 1.996521371348491 0
1542 1.996493787942796 0
1543 1.996466239909703 0
1544 1.996438727181205 0
1545 1.996411249689469 0
1546 1.996383807366838 0
1547 1.996356400145827 0
1548 1.996329027959122 0
1549 1.996301690739583 0
1550 1.996274388420241 0
1551 1.996247120934297 0
1552 1.996219888215124 0
1553 1.996192690196264 0
1554 1.996165526811427 0
1555 1.996138397994494 0
1556 1.996111303679513 0
1557 1.996084243800700 0
1558 1.996055427067113 0
1559 1.996026646886525 0
1560 1.995997903189422 0
1561 1.995969195906467 0
1562 1.995940524968496 0
1563 1.995911890306524 0
1564 1.995883291851736 0
1565 1.995854729535495 0
1566 1.995826203289334 0
1567 1.995797713044961 0
1568 1.995769258734257 0
1569 1.995740840289271 0
1570 1.995712457642228 0
1571 1.995684110725520 0
1572 1.995655799471712 0
1573 1.995627523813535 0
1574 1.995599283683894 0
1575 1.995571079015858 0
1576 1.995542909742667 0
1577 1.995514775797726 0
1578 1.995486677114609 0
1579 1.995458613627057 0
1580 1.995430585268974 0
1581 1.995402591974432 0
1582 1.995374633677666 0
1583 1.995346710313078 0
1584 1.995318821815231 0
1585 1.995290968118854 0
1586 1.995263149158836 0
1587 1.995235364870230 0
1588 1.995207615188251 0
1589 1.995179900048275 0
1590 1.995152219385839 0
1591 1.995124573136640 0
1592 1.995096961236534 0
1593 1.995069383621539 0
1594 1.995041840227828 0
1595 1.995014330991736 0
1596 1.994986855849754 0
1597 1.994959414738530 0
1598 1.994932007594871 0
1599 1.994904634355737 0
1600 1.994877294958247 0
