1500 1.979387287362172 0
1501 1.979376762647340 0
1502 1.979366251890926 0
1503 1.979355755065177 0
1504 1.979345272142418 0
1505 1.979334803095044 0
1506 1.979324347895525 0
1507 1.979313906516403 0
1508 1.979303478930292 0
1509 1.979293065109879 0
1510 1.979282665027924 0
1511 1.979272278657255 0
1512 1.979261905970778 0
1513 1.979251546941464 0
1514 1.979241201542358 0
1515 1.979230869746577 0
1516 1.979220551527307 0
1517 1.979210246857804 0
1518 1.979199955711396 0
1519 1.979189678061479 0
1520 1.979179413881521 0
1521 1.979169163145057 0
1522 1.979158925825693 0
1523 1.979148701897103 0
1524 1.979138491333032 0
1525 1.979128294107290 0
1526 1.979118110193758 0
1527 1.979107939566384 0
1528 1.979097782199186 0
1529 1.979087638066246 0
1530 1.979077507141718 0
1531 1.979067389399819 0
1532 1.979057284814835 0
1533 1.979047193361120 0
1534 1.979037115013093 0
1535 1.979027049745240 0
1536 1.979016997532111 0
1537 1.979006958348327 0
1538 1.978996932168570 0
1539 1.978986918967589 0
1540 1.978976918720199 0
1541 1.978966931401281 0
1542 1.978956956985777 0
1543 1.978946995448699 0
1544 1.978937046765119 0
1545 1.978927110910176 0
1546 1.978917187859071 0
1547 1.978907277587072 0
1548 1.978897380069508 0
1549 1.978887495281771 0
1550 1.978877623199319 0
1551 1.978867763797670 0
1552 1.978857917052408 0
1553 1.978848082939177 0
1554 1.978838261433685 0
1555 1.978828452511701 0
1556 1.978818656149057 0
1557 1.978808872321647 0
1558 1.978799101005426 0
1559 1.978789342176411 0
1560 1.978779595810680 0
1561 1.978769861884371 0
1562 1.978760140373685 0
1563 1.978750431254883 0
1564 1.978740734504285 0
1565 1.978731050098272 0
1566 1.978721378013287 0
1567 1.978711718225831 0
1568 1.978702070712464 0
1569 1.978692435449807 0
1570 1.978682812414541 0
1571 1.978673201583405 0
1572 1.978663602933195 0
1573 1.978654016440771 0
1574 1.978644442083046 0
1575 1.978634879836995 0
1576 1.978625329679649 0
1577 1.978615791588100 0
1578 1.978606265539494 0
1579 1.978596751511038 0
1580 1.978587249479995 0
1581 1.978577759423684 0
1582 1.978568281319484 0
1583 1.978558815144830 0
1584 1.978549360877212 0
1585 1.978539918494178 0
1586 1.978530487973333 0
1587 1.978521069292338 0
1588 1.978511662428908 0
1589 1.978502267360816 0
1590 1.978492884065891 0
1591 1.978483512522015 0
1592 1.978474152707130 0
1593 1.978464804599227 0
1594 1.978455468176358 0
1595 1.978446143416625 0
1596 1.978436830298188 0
1597 1.978427528799261 0
1598 1.978418238898109 0
1599 1.978408960573057 0
1600 1.978399693802478 0
