1500 1.444607327114850 0
1501 1.444595684235202 0
1502 1.444584056765072 0
1503 1.444572444673888 0
1504 1.444560847931156 0
1505 1.444549266506466 0
1506 1.444537700369486 0
1507 1.444526149489965 0
1508 1.444514613837732 0
1509 1.444503093382693 0
1510 1.444491588094838 0
1511 1.444480097944231 0
1512 1.444468622901018 0
1513 1.444457162935422 0
1514 1.444445718017745 0
1515 1.444434288118366 0
1516 1.444422873207743 0
1517 1.444411473256410 0
1518 1.444400088234980 0
1519 1.444388718114140 0
1520 1.444377362864657 0
1521 1.444366022457372 0
1522 1.444354696863204 0
1523 1.444343386053146 0
1524 1.444332089998268 0
1525 1.444320808669715 0
1526 1.444309542038708 0
1527 1.444298290076542 0
1528 1.444287052754587 0
1529 1.444275830044288 0
1530 1.444263644368371 0
1531 1.444250416179284 0
1532 1.444237205138449 0
1533 1.444224011212542 0
1534 1.444210834368324 0
1535 1.444197674572641 0
1536 1.444184531792428 0
1537 1.444171405994703 0
1538 1.444158297146569 0
1539 1.444145205215215 0
1540 1.444132130167914 0
1541 1.444119071972023 0
1542 1.444106030594985 0
1543 1.444093006004325 0
1544 1.444079998167651 0
1545 1.444067007052657 0
1546 1.444054032627117 0
1547 1.444041074858891 0
1548 1.444028133715917 0
1549 1.444015209166220 0
1550 1.444002301177903 0
1551 1.443989409719153 0
1552 1.443976534758240 0
1553 1.443963676263510 0
1554 1.443950834203394 0
1555 1.443938008546404 0
1556 1.443925199261129 0
1557 1.443912406316243 0
1558 1.443899629680494 0
1559 1.443886869322714 0
1560 1.443874125211813 0
1561 1.443861397316781 0
1562 1.443848685606685 0
1563 1.443835990050672 0
1564 1.443823310617967 0
1565 1.443810647277874 0
1566 1.443797999999773 0
1567 1.443785368753124 0
1568 1.443772753507462 0
1569 1.443760154232400 0
1570 1.443747570897630 0
1571 1.443735003472916 0
1572 1.443722451928104 0
1573 1.443709916233112 0
1574 1.443697396357935 0
1575 1.443684892272645 0
1576 1.443672403947387 0
1577 1.443659931352385 0
1578 1.443647474457933 0
1579 1.443635033234404 0
1580 1.443622607652244 0
1581 1.443610197681972 0
1582 1.443597803294184 0
1583 1.443585424459546 0
1584 1.443573061148800 0
1585 1.443560713332762 0
1586 1.443548380982320 0
1587 1.443536064068434 0
1588 1.443523762562138 0
1589 1.443511476434538 0
1590 1.443499205656812 0
1591 1.443486950200211 0
1592 1.443474710036056 0
1593 1.443462485135740 0
1594 1.443450275470730 0
1595 1.443438081012560 0
1596 1.443425901732838 0
1597 1.443413737603240 0
1598 1.443401588595515 0
1599 1.443389454681480 0
1600 1.443377335833024 0
