2.245231642823091534e+01
2.229285020344656942e+01
2.212965663119115334e+01
2.196507668072890951e+01
2.180003398772435830e+01
2.166872757576227215e+01
2.154067249094701708e+01
2.140975548038824883e+01
2.127856618791209087e+01
2.114673825166039123e+01
2.101446725371766888e+01
2.088329771212172403e+01
2.075142814731032814e+01
2.062195273052876843e+01
2.049180521773287467e+01
2.036601981335810763e+01
2.026667424123368733e+01
2.016811716199796223e+01
2.006935176766411644e+01
1.997019769569423175e+01
1.987264531623183927e+01
1.977416267201482825e+01
1.967738309697782739e+01
1.958084628369329039e+01
1.948414593578753795e+01
1.938984705427244393e+01
1.929519494535699309e+01
1.920144307112666127e+01
1.910939418750483654e+01
1.901723282878753096e+01
1.892709374365375297e+01
1.885996402881632861e+01
1.879231853038944777e+01
1.872436896762448200e+01
1.865861801626050109e+01
1.859254119196837252e+01
1.852619796440082922e+01
1.845982215577767604e+01
1.839563997478864721e+01
1.833132407437697964e+01
1.826692023937296838e+01
1.820248078544772952e+01
1.813992961880204646e+01
1.807784701422660945e+01
1.801580128316781426e+01
1.795384223553759284e+01
1.789243535710308564e+01
1.783287450330365687e+01
1.777345047453685822e+01
1.771419491363461063e+01
1.765841565125030499e+01
1.762106682210913533e+01
1.758371835500817681e+01
1.754639433460489428e+01
1.750912409547684589e+01
1.747192936510991146e+01
1.743483296274831673e+01
1.739786170259767673e+01
1.736219902258309844e+01
1.732712420027757005e+01
1.729220556009008547e+01
1.725746893314901698e+01
1.722292469932891734e+01
1.718859304463902760e+01
1.715449290222156975e+01
1.712063734740848631e+01
1.708704259570413697e+01
1.705456031795005245e+01
1.702283116830319543e+01
1.699137486171665756e+01
1.696020719985863323e+01
1.692933938358224921e+01
1.689878205280870915e+01
1.686854698264806274e+01
1.683864544650304040e+01
1.680908821667094699e+01
1.679123429309526827e+01
1.678449459842462943e+01
1.677814506339920442e+01
1.677220049125183010e+01
1.676666759563981657e+01
1.676156324799232422e+01
1.675689681596776026e+01
1.675268316778485200e+01
1.674892756282318018e+01
1.674564859082739687e+01
1.674285214156898505e+01
1.674054713898465963e+01
1.673874812382488031e+01
1.673746255727495580e+01
1.673670022827207760e+01
