-2.696315789473698428e-05
-2.686315789473702929e-05
-2.676315789473707768e-05
-2.666315789473712268e-05
-2.656315789473698473e-05
-2.373355263157916119e-05
-2.362105263157921267e-05
-2.350855263157926414e-05
-2.339605263157931901e-05
-2.328355263157895713e-05
-2.317105263157900861e-05
-2.305855263157906347e-05
-2.294605263157911156e-05
-2.283355263157895975e-05
-2.272105263157901122e-05
-1.975394736842118096e-05
-1.962894736842123552e-05
-1.950394736842129685e-05
-1.937894736842112441e-05
-1.925394736842118575e-05
-1.912894736842124031e-05
-1.900394736842129825e-05
-1.887894736842135281e-05
-1.875394736842118715e-05
-1.862894736842124171e-05
-1.850394736842130304e-05
-1.837894736842135760e-05
-1.825394736842141555e-05
-1.812894736842101610e-05
-1.800394736842107405e-05
-1.483684210526324570e-05
-1.469934210526331012e-05
-1.456184210526337454e-05
-1.442434210526318146e-05
-1.428684210526324588e-05
-1.414934210526331030e-05
-1.401184210526337472e-05
-1.387434210526343914e-05
-1.373684210526324607e-05
-1.359934210526331049e-05
-1.346184210526337491e-05
-1.332434210526343933e-05
-1.318684210526350375e-05
-1.304934210526331745e-05
-1.291184210526337509e-05
-1.277434210526318879e-05
-1.263684210526325321e-05
-1.249934210526306013e-05
-1.236184210526312455e-05
-1.222434210526318897e-05
-8.794736842105361021e-06
-8.644736842105438690e-06
-8.494736842105231756e-06
-8.344736842105295873e-06
-8.194736842105373542e-06
-8.044736842105437659e-06
-7.894736842105501775e-06
-7.744736842105301618e-06
-7.594736842105372511e-06
-7.444736842105436627e-06
-7.294736842105514296e-06
-7.144736842105578413e-06
-6.994736842105642529e-06
-6.844736842105442372e-06
-6.694736842105235438e-06
-6.544736842105306331e-06
-6.394736842105377224e-06
-6.244736842105170290e-06
-6.094736842105241182e-06
-5.944736842105312075e-06
-5.794736842105376192e-06
-5.644736842105447085e-06
-5.494736842105240151e-06
-5.344736842105311044e-06
-5.194736842105381937e-06
-5.044736842105452829e-06
-1.277631578947643779e-06
-1.115131578947429764e-06
-9.526315789475003535e-07
-7.901315789475709425e-07
-6.276315789476483078e-07
-4.651315789471293619e-07
-3.026315789471999509e-07
-1.401315789472840924e-07
2.236842105264531854e-08
1.848684210525747295e-07
3.473684210527887436e-07
5.098684210527181545e-07
6.723684210526475655e-07
8.348684210525634240e-07
9.973684210524928350e-07
