0.000000000000000000e+00
0.000000000000000000e+00
0.000000000000000000e+00
0.000000000000000000e+00
0.000000000000000000e+00
0.000000000000000000e+00
0.000000000000000000e+00
2.474551948171117122e+00
5.353122399939643117e+00
6.852132996425488898e+00
7.867196257952373983e+00
8.611150962958779687e+00
9.178601459508696436e+00
9.621861319380915489e+00
1.000909149945817767e+01
1.039043328908334907e+01
1.076547027935714063e+01
1.113089229037308669e+01
1.149043756688241302e+01
1.183929895518256181e+01
1.217849774430947996e+01
1.250801144811974730e+01
1.282567626604242861e+01
1.313128194084902489e+01
1.342570706645090084e+01
1.370733116409482300e+01
1.397566669428563380e+01
1.423042876677967072e+01
1.447127635623868791e+01
1.469855068131952081e+01
1.491209123216921562e+01
1.511083377868697575e+01
1.529564938514171502e+01
1.546638540599928824e+01
1.562329980630066473e+01
1.576579825027101656e+01
1.589546492030074276e+01
1.601188995969744155e+01
1.611525751264053241e+01
1.620601322639279829e+01
1.628461858190145151e+01
1.635145473245477987e+01
1.640687942621184803e+01
1.645176445770070117e+01
1.648671655360490007e+01
1.651148185062016793e+01
1.652667194825467334e+01
1.653381315805067331e+01
1.653180090384871903e+01
1.652279826897370896e+01
1.650561159317356541e+01
1.648242320415005580e+01
1.645207563164852260e+01
1.641620698285940350e+01
1.637468083109507688e+01
1.632758793893074767e+01
1.627626301744651371e+01
1.622043531622771084e+01
1.616029621794905324e+01
1.609632168428010957e+01
1.602946941440602657e+01
1.595932601367027104e+01
1.588622651191210622e+01
1.581046590627434867e+01
1.573233614108428391e+01
1.565250537150183874e+01
1.557072602331763633e+01
1.548722279685808623e+01
1.540219883466278716e+01
1.531584674303505267e+01
1.522834217052764316e+01
1.513984545307853402e+01
1.505052612115727584e+01
1.496068819087844304e+01
1.487025181627300618e+01
1.477933376287403178e+01
1.468804520110201395e+01
1.459648863341225677e+01
1.450475656736599639e+01
1.441293483383354435e+01
1.432110433158017138e+01
1.422933787649903437e+01
1.413769691831909192e+01
1.404625151320531806e+01
1.395504878826942985e+01
1.386414496756713532e+01
1.377358631675899225e+01
1.368341391395473572e+01
1.359366696789709117e+01
1.350438148350874634e+01
1.341559675716413125e+01
